IC(Carbamidomethyl)	1289205	2106319	0.61207
IE	4807196	11242475	0.42759
IF	6982546	7977398	0.87529
IH	3668154	4263115	0.86044
IK	1722517	12162488	0.14163
IM	600086	3542200	0.16941
IM(Oxidation)	295744	2711898	0.10905
IQ	3506859	6778031	0.51739
IR	1095956	9218262	0.11889
IW	1191100	1486265	0.80140
IY	5161756	6025678	0.85663
y1	17651114	18782678	0.93975
b1	2960045	18782678	0.15759
y2	16909184	18782678	0.90025
b2	17781896	18782678	0.94672
y3	16857181	18782678	0.89749
y3^2	1383800	18173960	0.07614
b3	16234430	18782678	0.86433
b3^2	380570	18173960	0.02094
y4	16940520	18782678	0.90192
y4^2	2611419	18173960	0.14369
b4	14471306	18782678	0.77046
b4^2	1386927	18173960	0.07631
y5	17042463	18781205	0.90742
y5^2	4444428	18173283	0.24456
b5	12857222	18781205	0.68458
b5^2	1608688	18173283	0.08852
y6	16946409	18737547	0.90441
y6^2	6032430	18140060	0.33255
b6	11191436	18737547	0.59727
b6^2	2574390	18140060	0.14192
y7	15773201	17967872	0.87786
y7^2	7503791	17399951	0.43125
y7^3	203790	6007484	0.03392
b7	9665901	17967872	0.53795
b7^2	2845319	17399951	0.16352
y8	13786533	16676174	0.82672
y8^2	7748726	16197782	0.47838
y8^3	518427	5967551	0.08687
b8	8128170	16676174	0.48741
b8^2	3203259	16197782	0.19776
b8^3	132226	5967551	0.02216
p	539569	18782678	0.02873
p^2	8922881	18173960	0.49097
p^3	3360802	6009181	0.55928
y9	11414865	15055979	0.75816
y9^2	7781938	14643252	0.53144
y9^3	763432	5719516	0.13348
b9	6382077	15055979	0.42389
b9^2	2994509	14643252	0.20450
b9^3	204535	5719516	0.03576
y10	8722432	13348375	0.65345
y10^2	7126938	12996073	0.54839
y10^3	908475	5309671	0.17110
b10	4827814	13348375	0.36168
b10^2	2924890	12996073	0.22506
b10^3	269882	5309671	0.05083
y11	5185223	9138939	0.56738
y11^2	5114187	9079643	0.56326
y11^3	891461	4559580	0.19551
b11	2945874	9138939	0.32234
b11^2	2260202	9079643	0.24893
b11^3	301140	4559580	0.06605
y12	3724926	7690812	0.48433
y12^2	4367296	7655883	0.57045
b12	2038647	7690812	0.26508
b12^2	1955516	7655883	0.25543
y9^4	19085	915938	0.02084
y10^4	24713	912792	0.02707
b10^4	21096	912792	0.02311
p^4	559971	917401	0.61039
y11^4	40216	902272	0.04457
b11^4	25320	902272	0.02806
y12^3	910071	4048417	0.22480
b12^3	324989	4048417	0.08028
y13	2521830	6424411	0.39254
y13^2	3654175	6406233	0.57041
y13^3	883294	3568059	0.24756
b13	1354273	6424411	0.21080
b13^2	1609345	6406233	0.25122
b13^3	328126	3568059	0.09196
y14	1616357	5212831	0.31007
y14^2	2948292	5207141	0.56620
y14^3	816122	3069464	0.26588
b14	857182	5212831	0.16444
b14^2	1285217	5207141	0.24682
b14^3	305800	3069464	0.09963
y15	978545	4221722	0.23179
y15^2	2370878	4219212	0.56192
y15^3	712071	2626149	0.27115
b15	532002	4221722	0.12602
b15^2	1024594	4219212	0.24284
b15^3	287495	2626149	0.10947
y16	554181	3430438	0.16155
y16^2	1913563	3429372	0.55799
y16^3	657758	2262414	0.29073
b16	319256	3430438	0.09307
b16^2	818823	3429372	0.23877
b16^3	265873	2262414	0.11752
y17	289460	2756952	0.10499
y17^2	1508860	2756364	0.54741
y17^3	595626	1934094	0.30796
b17	178758	2756952	0.06484
b17^2	642930	2756364	0.23325
b17^3	244380	1934094	0.12635
y18	140394	2200839	0.06379
y18^2	1166606	2200566	0.53014
y18^3	527787	1642863	0.32126
b18	92449	2200839	0.04201
b18^2	505290	2200566	0.22962
b18^3	229946	1642863	0.13997
y19	61954	1714984	0.03613
y19^2	879033	1714920	0.51258
y19^3	441862	1361129	0.32463
b19	44200	1714984	0.02577
b19^2	381396	1714920	0.22240
b19^3	196832	1361129	0.14461
y20^2	654243	1309560	0.49959
y20^3	369400	1103397	0.33478
b20^2	282934	1309560	0.21605
b20^3	167298	1103397	0.15162
y21^2	502761	1035185	0.48567
y21^3	315177	912862	0.34526
b21^2	208748	1035185	0.20165
b21^3	139903	912862	0.15326
y22^2	378224	843166	0.44858
y22^3	273128	768184	0.35555
b22^2	157179	843166	0.18642
b22^3	119790	768184	0.15594
y23^2	278911	674847	0.41330
y23^3	227693	632802	0.35982
b23^2	111551	674847	0.16530
b23^3	94804	632802	0.14982
y24^2	196216	509142	0.38539
y24^3	177497	488622	0.36326
b24^2	77137	509142	0.15150
b24^3	69201	488622	0.14162
y25^2	134193	393102	0.34137
y25^3	140105	382762	0.36604
b25^2	53933	393102	0.13720
b25^3	54156	382762	0.14149
y26^2	89654	288614	0.31064
y26^3	103178	284417	0.36277
b26^2	35788	288614	0.12400
b26^3	40112	284417	0.14103
y27^2	55952	205853	0.27181
y27^3	73292	203683	0.35983
b27^2	23341	205853	0.11339
b27^3	28231	203683	0.13860
y12^4	58090	874297	0.06644
b12^4	31328	874297	0.03583
y13^4	70299	822882	0.08543
b13^4	33843	822882	0.04113
y14^4	83494	750118	0.11131
b14^4	35599	750118	0.04746
y15^4	83088	669672	0.12407
b15^4	37547	669672	0.05607
y16^4	85295	599314	0.14232
b16^4	40839	599314	0.06814
y17^4	88697	529689	0.16745
b17^4	41556	529689	0.07845
y18^4	91128	464414	0.19622
b18^4	43804	464414	0.09432
y19^4	87221	400083	0.21801
b19^4	44242	400083	0.11058
y20^4	75955	339594	0.22366
b20^4	42488	339594	0.12511
y21^4	72223	293404	0.24616
b21^4	38864	293404	0.13246
y22^4	72574	259766	0.27938
b22^4	37871	259766	0.14579
y23^4	62988	221551	0.28430
b23^4	34077	221551	0.15381
y24^4	51487	176120	0.29234
b24^4	26414	176120	0.14998
y25^4	44119	142440	0.30974
b25^4	23620	142440	0.16582
y26^4	36180	107882	0.33537
b26^4	18183	107882	0.16855
y27^4	27473	77709	0.35354
b27^4	13766	77709	0.17715
y28^2	28923	128055	0.22586
y28^3	44577	127297	0.35018
y28^4	16968	49584	0.34221
b28^2	13575	128055	0.10601
b28^3	16899	127297	0.13275
b28^4	9253	49584	0.18661
y9^5	1813	76859	0.02359
y10^5	1669	76858	0.02172
b10^5	1633	76858	0.02125
b11^5	1721	76853	0.02239
b12^5	1560	76752	0.02033
y13^5	1619	76582	0.02114
y14^5	2024	75932	0.02666
b14^5	1697	75932	0.02235
y15^5	2932	73635	0.03982
b15^5	1916	73635	0.02602
y16^5	3353	70448	0.04760
b16^5	2101	70448	0.02982
y17^5	3821	66598	0.05737
b17^5	2509	66598	0.03767
y18^5	5266	62206	0.08465
b18^5	3187	62206	0.05123
y19^5	6280	57679	0.10888
b19^5	3541	57679	0.06139
y20^5	6176	53072	0.11637
b20^5	4142	53072	0.07804
y21^5	7215	47842	0.15081
b21^5	3861	47842	0.08070
y22^5	8095	44692	0.18113
b22^5	4263	44692	0.09539
y23^5	8071	39469	0.20449
b23^5	4232	39469	0.10722
y24^5	6720	32067	0.20956
b24^5	3657	32067	0.11404
y25^5	6267	26938	0.23265
b25^5	3915	26938	0.14533
y26^5	6009	21243	0.28287
b26^5	3484	21243	0.16401
y27^5	5250	15889	0.33042
b27^5	2564	15889	0.16137
y28^5	3118	10387	0.30018
b28^5	1887	10387	0.18167
p^5	36214	76859	0.47117
y29^2	12549	65480	0.19165
y29^3	21757	65214	0.33362
y29^4	8893	26800	0.33183
b29^2	7312	65480	0.11167
b29^3	8865	65214	0.13594
b29^4	4797	26800	0.17899
b9^6	197	8235	0.02392
b11^6	178	8235	0.02162
y12^6	187	8235	0.02271
b12^6	207	8235	0.02514
y13^6	165	8235	0.02004
b13^6	250	8235	0.03036
y14^6	183	8234	0.02222
b14^6	192	8234	0.02332
y16^6	242	8223	0.02943
b16^6	228	8223	0.02773
y17^6	344	8200	0.04195
b17^6	337	8200	0.04110
y18^6	317	8159	0.03885
b18^6	287	8159	0.03518
y19^6	512	7971	0.06423
b19^6	366	7971	0.04592
y20^6	549	7733	0.07099
b20^6	459	7733	0.05936
y21^6	728	7241	0.10054
b21^6	545	7241	0.07527
y22^6	891	6941	0.12837
b22^6	421	6941	0.06065
y23^6	1026	6440	0.15932
b23^6	667	6440	0.10357
y24^6	977	5609	0.17418
b24^6	644	5609	0.11482
y25^6	1199	4910	0.24420
b25^6	751	4910	0.15295
y26^6	899	3848	0.23363
b26^6	552	3848	0.14345
y27^6	914	2777	0.32913
b27^6	518	2777	0.18653
p^6	5349	8235	0.64954
y28^6	461	1738	0.26525
b28^6	334	1738	0.19217
y30^2	5673	24580	0.23080
y30^3	9077	24361	0.37260
b30^2	2872	24580	0.11684
b30^3	3773	24361	0.15488
y30^4	3226	11538	0.27960
b30^4	1716	11538	0.14873
y29^5	1789	5893	0.30358
b29^5	1093	5893	0.18547
y29^6	226	1006	0.22465
b29^6	165	1006	0.16402
y30^5	516	2292	0.22513
b30^5	383	2292	0.16710
p^7	260	559	0.46512
y31^2	3738	18545	0.20156
y31^3	7429	18541	0.40068
y31^4	3083	9582	0.32175
b31^2	2125	18545	0.11459
b31^3	3056	18541	0.16482
b31^4	1627	9582	0.16980
y31^5	587	1923	0.30525
b31^5	289	1923	0.15029
y32^2	2157	13830	0.15597
y32^3	5136	13829	0.37139
y32^4	2409	7726	0.31180
b32^2	1329	13830	0.09610
b32^3	2443	13829	0.17666
b32^4	1147	7726	0.14846
y33^2	1447	9728	0.14875
y33^3	3629	9728	0.37305
y33^4	1764	6017	0.29317
b33^2	910	9728	0.09354
b33^3	1551	9728	0.15944
b33^4	1283	6017	0.21323
y32^5	423	1659	0.25497
b32^5	255	1659	0.15371
y33^5	347	1303	0.26631
b33^5	273	1303	0.20952
y34^2	755	7693	0.09814
y34^3	2955	7693	0.38412
y34^4	1289	4986	0.25852
b34^2	585	7693	0.07604
b34^3	1191	7693	0.15482
b34^4	839	4986	0.16827
y35^2	380	6430	0.05910
y35^3	2368	6430	0.36827
y35^4	1473	4466	0.32983
b35^2	215	6430	0.03344
b35^3	816	6430	0.12691
b35^4	780	4466	0.17465
y36^2	207	5312	0.03897
y36^3	1656	5312	0.31175
y36^4	1499	3852	0.38915
b36^2	200	5312	0.03765
b36^3	756	5312	0.14232
b36^4	462	3852	0.11994
y34^5	220	1007	0.21847
b34^5	121	1007	0.12016
y35^5	251	928	0.27047
b35^5	202	928	0.21767
y35^6	133	324	0.41049
y36^5	265	862	0.30742
b36^5	145	862	0.16821
y37^2	104	3917	0.02655
y37^3	1176	3917	0.30023
y37^4	988	2884	0.34258
b37^2	164	3917	0.04187
b37^3	601	3917	0.15343
b37^4	417	2884	0.14459
y38^3	615	2244	0.27406
y38^4	636	1786	0.35610
b38^3	384	2244	0.17112
b38^4	237	1786	0.13270
y37^5	163	684	0.23830
y38^5	165	560	0.29464
y39^3	129	925	0.13946
y39^4	283	775	0.36516
b39^3	164	925	0.17730
b39^4	111	775	0.14323
b38^6	103	202	0.50990
